                   MONTHLY CLIMATOLOGICAL SUMMARY for may 2019


NAME: Malaga Santander, Colombia                  
ELEV: 2200 meters    LAT: 06-42.23 N    LONG: 072-43.79 W


                   TEMPERATURE (C), RAIN (cm), WIND SPEED (km/h)

                                         HEAT   COOL         AVG
      MEAN                               DEG    DEG          WIND                   DOM
DAY   TEMP   HIGH   TIME    LOW   TIME   DAYS   DAYS   RAIN  SPEED   HIGH   TIME    DIR
---------------------------------------------------------------------------------------
 01   19,8   29,1  13:45   11,6  05:30    0,0    1,4   0,00    2,2   20,9  17:10     43
 02   19,4   28,6  14:25   12,2  04:05    0,0    1,1   0,00    2,0   14,5  09:55     72
 03   19,9   27,8  13:55   13,3  05:25    0,0    1,5   0,00    1,6   16,1  13:00     65
 04   18,7   24,9  13:05   15,1  06:00    0,0    0,4   0,00    1,2   12,9  09:45     62
 05   19,8   27,6  14:01   14,3  04:50    0,0    1,5   0,00    1,7   14,5  13:24    134
 06   19,2   26,9  14:32   13,8  05:44    0,0    0,9   0,00    1,6   19,3  14:21     87
 07   19,3   27,3  15:26   13,8  04:34    0,0    1,0   0,82    1,3   11,3  10:53    100
 08   16,4   20,7  13:47   13,1  05:48    1,9    0,0   1,68    0,5   11,3  13:51    339
 09   16,5   20,9  10:13   15,4  05:08    1,8    0,0   0,24    0,6   12,9  09:05     57
 10
 11
 12
 13
 14
 15
 16
 17
 18
 19
 20
 21
 22
 23
 24
 25
 26
 27
 28
 29
 30
 31
---------------------------------------------------------------------------------------
      18,9   29,1     01   11,6     01    3,7    7,8   2,74    1,5   20,9     01     77
    
