                     CLIMATOLOGICAL SUMMARY for year 2019


NAME: Malaga Santander, Colombia                  
ELEV: 2200 meters    LAT: 06-42.23 N    LONG: 072-43.79 W


                                       TEMPERATURE (C)

                              HEAT    COOL                              MAX    MAX    MIN    MIN
          MEAN   MEAN         DEG     DEG                                >=     <=     <=     <=
 YR  MO   MAX    MIN    MEAN  DAYS    DAYS      HI  DAY     LOW  DAY     30      0      0    -20
------------------------------------------------------------------------------------------------
2019 01   25,6   13,5   18,6    3,7    3,8    29,4   01    12,7   05      0      0      0      0
2019 02
2019 03   25,0   13,5   17,7   13,8    5,5    29,6   18    10,9   25      0      0      0      0
2019 04   25,8   13,4   18,3   12,3   10,9    28,6   07    11,2   03      0      0      0      0
2019 05   26,0   13,6   18,9    3,7    7,8    29,1   01    11,6   01      0      0      0      0
2019 06
2019 07
2019 08
2019 09
2019 10
2019 11
2019 12
------------------------------------------------------------------------------------------------
          25,6   13,5   18,3   33,5   28,1    29,6  mar    10,9  mar      0      0      0      0


                  PRECIPITATION (cm)

                  MAX         ---DAYS OF RAIN---
                  OBS.               OVER
 YR  MO  TOTAL    DAY  DATE   0.03   0.30   3.00
------------------------------------------------
2019 01   0,68   0,44    01      3      1      0
2019 02
2019 03   6,88   1,44    29     13      7      0
2019 04  14,48   3,04    20     18     13      1
2019 05   2,74   1,68    08      3      2      0
2019 06
2019 07
2019 08
2019 09
2019 10
2019 11
2019 12
------------------------------------------------
         24,78   3,04   abr     37     23      1


           WIND SPEED (km/h)

                                DOM
 YR  MO    AVG     HI   DATE    DIR
-----------------------------------
2019 01    1,2   25,7     01     81
2019 02
2019 03    1,2   24,1     24     79
2019 04    1,4   24,1     07     76
2019 05    1,5   20,9     01     77
2019 06
2019 07
2019 08
2019 09
2019 10
2019 11
2019 12
-----------------------------------
           1,3   25,7    ene     77
